Version 0.9.7
5
 4 10 175 77 128 0 1
 5 80 400 206 81 2 2
 1 404 12 206 81 8 3
 3 173 14 203 58 18 4
 0 105 128 877 276 27 5
 0
25
 16711680 5 71 189 71 189 71 142 71 142 158 142 158 142 0 1 0 5
 16711680 5 71 249 71 249 94 249 94 155 158 155 158 155 0 1 0 5
 16711680 5 171 155 171 155 171 51 171 51 184 51 184 51 0 5 0 4
 16711680 5 419 23 419 23 392 23 392 23 392 142 392 142 0 3 0 5
 16711680 5 419 81 419 81 419 155 419 155 418 155 418 155 0 3 0 5
 16711680 5 327 376 327 376 327 376 327 298 327 298 327 298 0 5 0 5
 16711680 5 249 233 249 233 249 233 249 142 249 142 249 142 0 5 0 5
 16711680 5 71 288 71 288 71 376 71 376 158 376 158 376 0 1 0 5
 16711680 5 460 49 460 49 447 49 447 475 249 475 249 298 0 3 0 5
 16711680 5 479 49 468 49 468 466 262 466 262 298 262 298 0 3 0 5
 16711680 5 275 298 275 298 275 298 288 298 288 298 288 298 0 5 0 5
 16711680 5 509 233 509 233 509 233 509 142 509 142 509 142 0 5 0 5
 16711680 5 587 298 587 298 587 298 587 376 587 376 587 376 0 5 0 5
 16711680 5 498 49 498 49 487 49 487 239 522 239 522 233 0 3 0 5
 16711680 5 535 233 536 233 536 223 262 223 262 233 262 233 0 5 0 5
 16711680 5 517 49 517 49 526 49 526 179 548 179 548 233 0 3 0 5
 16711680 5 561 233 561 233 561 211 275 211 275 233 275 233 0 5 0 5
 16711680 5 288 233 288 233 294 233 294 298 301 298 301 298 0 5 0 5
 16711680 5 782 298 782 298 782 298 782 376 782 376 782 376 0 5 0 5
 16711680 5 704 298 704 298 704 451 314 451 314 298 314 298 0 5 0 5
 16711680 5 498 36 506 36 506 111 301 111 301 233 301 233 0 3 0 5
 16711680 5 517 36 544 36 544 123 314 123 314 233 314 233 0 3 0 5
 16711680 5 327 233 327 233 327 266 717 266 717 298 717 298 0 5 0 5
 16711680 5 730 298 730 298 730 544 359 544 359 58 359 58 0 5 0 4
 16711680 5 704 233 704 233 704 233 704 142 704 142 704 142 0 5 0 5
3
 7008 1 14 243 246 5 0 0 0 5
 7004 1 14 503 246 5 0 0 0 5
 7032 1 14 698 246 5 0 0 0 5
